>MEF2A	15	0.001
0.294492	0.161017	0.300847	0.243644 
0.290254	0.105932	0.258475	0.345339 
0.169492	0.108051	0.362288	0.360169 
0.146186	0.635593	0.050847	0.167373 
0.002119	0.510593	0.000000	0.487288 
0.692797	0.137712	0.029661	0.139831 
0.722458	0.014831	0.127119	0.135593 
0.942797	0.000000	0.046610	0.010593 
0.913136	0.006356	0.004237	0.076271 
0.923729	0.000000	0.004237	0.072034 
0.031780	0.006356	0.000000	0.961864 
0.953390	0.000000	0.046610	0.000000 
0.199153	0.052966	0.720339	0.027542 
0.398305	0.375000	0.091102	0.135593 
0.381356	0.260593	0.069915	0.288136 
<