>NFYB	15	0.001
0.140000	0.450000	0.254000	0.156000 
0.164000	0.416000	0.100000	0.320000 
0.088000	0.226000	0.222000	0.464000 
0.036000	0.692000	0.148000	0.124000 
0.004000	0.370000	0.042000	0.584000 
0.020000	0.332000	0.520000	0.128000 
0.974000	0.002000	0.024000	0.000000 
0.002000	0.014000	0.008000	0.976000 
0.016000	0.000000	0.000000	0.984000 
0.000000	0.002000	0.998000	0.000000 
0.002000	0.000000	0.998000	0.000000 
0.124000	0.548000	0.034000	0.294000 
0.026000	0.392000	0.072000	0.510000 
0.346000	0.208000	0.380000	0.066000 
0.282000	0.186000	0.412000	0.120000 
<