>SPI1	15	0.001
0.694000	0.042000	0.102000	0.162000 
0.706000	0.038000	0.128000	0.128000 
0.638000	0.012000	0.086000	0.264000 
0.128000	0.036000	0.824000	0.012000 
0.642000	0.070000	0.284000	0.004000 
0.076000	0.000000	0.924000	0.000000 
0.000000	0.000000	0.998000	0.002000 
1.000000	0.000000	0.000000	0.000000 
0.986000	0.000000	0.000000	0.014000 
0.018000	0.342000	0.640000	0.000000 
0.012000	0.000000	0.004000	0.984000 
0.002000	0.016000	0.982000	0.000000 
0.750000	0.068000	0.158000	0.024000 
0.566000	0.062000	0.292000	0.080000 
0.772000	0.098000	0.052000	0.078000 
<