>EBF1	15	0.001
0.373737	0.123232	0.280808	0.222222 
0.115152	0.270707	0.416162	0.197980 
0.050505	0.363636	0.062626	0.523232 
0.000000	0.997980	0.002020	0.000000 
0.020202	0.743434	0.000000	0.236364 
0.000000	0.985859	0.000000	0.014141 
0.472727	0.008081	0.022222	0.496970 
0.195960	0.018182	0.682828	0.103030 
0.030303	0.000000	0.965657	0.004040 
0.137374	0.000000	0.846465	0.016162 
0.000000	0.000000	1.000000	0.000000 
0.844444	0.014141	0.121212	0.020202 
0.210101	0.402020	0.301010	0.086869 
0.222222	0.321212	0.084848	0.371717 
0.220202	0.224242	0.185859	0.369697 
<