>NFIC	15	0.001
0.000000	0.643678	0.126437	0.229885 
0.000000	0.356322	0.000000	0.643678 
0.034483	0.011494	0.195402	0.758621 
0.011494	0.000000	0.977011	0.011494 
0.000000	0.000000	1.000000	0.000000 
0.160920	0.770115	0.068966	0.000000 
0.287356	0.252874	0.011494	0.448276 
0.091954	0.333333	0.356322	0.218391 
0.195402	0.310345	0.091954	0.402299 
0.137931	0.218391	0.298851	0.344828 
0.149425	0.091954	0.160920	0.597701 
0.000000	0.011494	0.620690	0.367816 
0.011494	0.988506	0.000000	0.000000 
0.057471	0.942529	0.000000	0.000000 
0.758621	0.126437	0.000000	0.114943 
<