>REST	21	0.001
0.132353	0.017157	0.754902	0.095588 
0.051471	0.220588	0.644608	0.083333 
0.264706	0.553922	0.017157	0.164216 
0.080882	0.107843	0.718137	0.093137 
0.004902	0.975490	0.004902	0.014706 
0.012255	0.000000	0.000000	0.987745 
0.022059	0.090686	0.887255	0.000000 
0.039216	0.012255	0.063725	0.884804 
0.000000	0.985294	0.000000	0.014706 
0.002451	0.980392	0.000000	0.017157 
0.463235	0.100490	0.348039	0.088235 
0.186275	0.159314	0.098039	0.556373 
0.022059	0.009804	0.960784	0.007353 
0.000000	0.000000	1.000000	0.000000 
0.009804	0.000000	0.000000	0.990196 
0.046569	0.134804	0.764706	0.053922 
0.000000	0.970588	0.014706	0.014706 
0.007353	0.026961	0.000000	0.965686 
0.039216	0.014706	0.936275	0.009804 
0.781863	0.063725	0.144608	0.009804 
0.553922	0.254902	0.090686	0.100490 
<