>RELA	15	1
43	4	22	29
60	1	22	15
48	2	40	8
23	18	46	11
52	2	36	8
23	0	72	3
23	0	75	0
89	0	9	0
95	0	0	3
17	41	40	0
32	11	0	55
17	0	79	2
79	0	19	0
69	1	27	1
82	4	12	0
<