>RELA	15	0.001
0.414079	0.051760	0.302277	0.231884 
0.000000	0.000000	0.975155	0.024845 
0.000000	0.000000	1.000000	0.000000 
0.000000	0.000000	0.944099	0.055901 
0.414079	0.006211	0.538302	0.041408 
0.461698	0.300207	0.120083	0.118012 
0.182195	0.024845	0.002070	0.790890 
0.014493	0.035197	0.035197	0.915114 
0.000000	0.175983	0.016563	0.807453 
0.012422	0.942029	0.000000	0.045549 
0.008282	0.946170	0.000000	0.045549 
0.412008	0.399586	0.066253	0.122153 
0.343685	0.221532	0.320911	0.113872 
0.291925	0.190476	0.339545	0.178054 
0.207039	0.246377	0.370600	0.175983 
<