>ZNF143	15	0.001
0.023256	0.883721	0.046512	0.046512 
0.279070	0.023256	0.674419	0.023256 
0.302326	0.116279	0.418605	0.162791 
0.093023	0.023256	0.395349	0.488372 
0.000000	0.000000	1.000000	0.000000 
0.046512	0.720930	0.162791	0.069767 
0.511628	0.372093	0.069767	0.046512 
0.000000	0.209302	0.000000	0.790698 
0.046512	0.000000	0.744186	0.209302 
0.046512	0.860465	0.093023	0.000000 
0.023256	0.279070	0.023256	0.674419 
0.000000	0.023256	0.976744	0.000000 
0.000000	0.000000	1.000000	0.000000 
0.069767	0.000000	0.930233	0.000000 
0.883721	0.000000	0.116279	0.000000 
<