>ZNF143	21	0.001
0.337500	0.031250	0.612500	0.018750 
0.568750	0.018750	0.406250	0.006250 
0.981250	0.018750	0.000000	0.000000 
0.006250	0.993750	0.000000	0.000000 
0.006250	0.031250	0.000000	0.962500 
0.906250	0.056250	0.031250	0.006250 
0.000000	0.981250	0.012500	0.006250 
0.881250	0.037500	0.062500	0.018750 
0.481250	0.112500	0.118750	0.287500 
0.100000	0.275000	0.150000	0.475000 
0.025000	0.062500	0.025000	0.887500 
0.012500	0.943750	0.000000	0.043750 
0.000000	1.000000	0.000000	0.000000 
0.000000	1.000000	0.000000	0.000000 
0.781250	0.012500	0.206250	0.000000 
0.100000	0.100000	0.725000	0.075000 
0.393750	0.381250	0.206250	0.018750 
0.731250	0.018750	0.250000	0.000000 
0.081250	0.037500	0.487500	0.393750 
0.075000	0.175000	0.700000	0.050000 
0.018750	0.925000	0.031250	0.025000 
<