>YY1	15	0.001
0.087683	0.298539	0.471816	0.141962 
0.123173	0.206681	0.553236	0.116910 
0.169102	0.298539	0.365344	0.167015 
0.162839	0.359081	0.367432	0.110647 
0.064718	0.050104	0.810021	0.075157 
0.054280	0.734864	0.114823	0.096033 
0.116910	0.638831	0.194154	0.050104 
0.029228	0.000000	0.951983	0.018789 
0.000000	1.000000	0.000000	0.000000 
0.000000	1.000000	0.000000	0.000000 
0.989562	0.008351	0.002088	0.000000 
0.000000	0.000000	0.000000	1.000000 
0.050104	0.501044	0.254697	0.194154 
0.068894	0.035491	0.016701	0.878914 
0.000000	0.083507	0.000000	0.916493 
<